# wt grid=40x120 pid=10732 workload=08_scroll_region reps=60
rep 1 2.529 4.88
rep 2 2.511 4.91
rep 3 2.473 4.91
rep 4 2.469 4.88
rep 5 2.515 4.86
rep 6 2.498 4.94
rep 7 2.515 4.88
rep 8 2.497 4.80
rep 9 2.502 4.92
rep 10 2.479 4.84
rep 11 2.512 4.95
rep 12 2.436 4.77
rep 13 2.522 5.00
rep 14 2.484 4.88
rep 15 2.485 4.91
rep 16 2.522 4.97
rep 17 2.513 4.92
rep 18 2.449 4.83
rep 19 2.522 4.89
rep 20 2.508 4.91
rep 21 2.492 4.97
rep 22 2.471 4.88
rep 23 2.467 4.88
rep 24 2.487 4.91
rep 25 2.447 4.75
rep 26 2.446 4.80
rep 27 2.507 4.94
rep 28 2.473 4.83
rep 29 2.395 4.72
rep 30 2.353 4.61
rep 31 2.519 4.94
rep 32 2.482 4.88
rep 33 2.254 4.41
rep 34 2.450 4.84
rep 35 2.514 4.98
rep 36 2.499 4.88
rep 37 2.484 4.97
rep 38 2.507 4.94
rep 39 2.509 4.94
rep 40 2.481 4.89
rep 41 2.449 4.83
rep 42 2.483 4.89
rep 43 2.494 4.89
rep 44 2.508 4.89
rep 45 2.399 4.69
rep 46 2.491 4.92
rep 47 2.503 4.89
rep 48 2.472 4.88
rep 49 2.492 4.86
rep 50 2.505 4.97
rep 51 2.502 4.92
rep 52 2.492 4.89
rep 53 2.501 4.94
rep 54 2.521 4.97
rep 55 2.456 4.80
rep 56 2.493 4.91
rep 57 2.525 4.95
rep 58 2.467 4.83
rep 59 2.399 4.72
rep 60 2.490 4.89
rss_kb 87180
grid_after 40x120
curve_done
