=== WINDOWS — Win+E, Explorer as the shell ===
  rep  first(ms) done(ms)  total change
  1    433       1200      109.1
  2    367       1133      109.1
  3    367       1133      109.1
  4    367       1100      109.1
  5    367       1133      109.1
  6    333       1100      109.1
  7    367       1133      109.1
  8    367       1133      109.1
  9    333       1066      109.1
  10   367       1100      109.1
  11   367       1166      109.1
  12   400       1100      109.2
  13   367       1133      109.2
  14   333       1066      109.2
  15   367       1133      109.1
  16   367       1166      109.2
  17   333       1100      109.1
  18   367       1100      109.2
  19   333       1066      109.1
  20   333       1100      109.1
  FIRST PIXELS  median 367 ms  (min 333, max 433)
  WINDOW DONE   median 1116 ms  (min 1066, max 1200)
